2.087022
1.204396
1.037667
0.979485
0.895707
0.849608
0.811082
0.780037
0.738765
0.702142
0.673781
0.687692
0.651460
0.611001
0.604477
0.572898
0.553079
0.578291
0.564620
0.547507
0.554679
0.527328
0.525367
0.502916
0.500272
0.488218
0.499799
0.480390
0.470545
0.478719
0.474629
0.460212
0.453535
0.448544
0.439945
0.446062
0.450477
0.441661
0.442238
0.432347
0.431116
0.427208
0.424339
0.422475
0.416648
0.417544
0.416330
0.415552
0.415027
0.418529
0.413632
0.415788
0.415010
0.407481
0.404981
0.407558
0.403449
0.399687
0.408558
0.401276
