0.532600
0.530854
0.547407
0.519983
0.494088
0.492404
0.457530
0.471068
0.450787
0.459978
0.441130
0.427688
0.423767
0.431416
0.409736
0.408807
0.408743
0.399755
0.390949
0.383108
0.381292
0.380186
0.374245
0.375639
0.366589
0.377495
0.370725
0.358596
0.354739
0.358276
0.355862
0.355730
0.348957
0.342087
0.339238
0.342247
0.342551
0.336318
0.339900
0.338708
0.331366
0.337645
0.334347
0.325317
0.329926
0.322828
0.322710
0.317483
0.322288
0.327100
0.318349
0.315669
0.320545
0.314853
0.315381
0.317011
0.313277
0.315671
0.314172
0.310227
