2.307792
1.348402
1.136595
1.074511
0.956898
0.910649
0.875772
0.790820
0.762192
0.753209
0.732082
0.715086
0.712136
0.663258
0.662389
0.633688
0.615964
0.637164
0.615482
0.592117
0.584848
0.577042
0.557839
0.557474
0.564875
0.533307
0.519189
0.515567
0.525575
0.513890
0.504662
0.499737
0.499144
0.492697
0.490296
0.487603
0.479844
0.472572
0.466040
0.460930
0.469715
0.465711
0.461868
0.460454
0.459861
0.448588
0.451871
0.444039
0.445467
0.449591
0.442293
0.443586
0.429509
0.432795
0.434515
0.438638
0.432976
0.433572
0.435308
0.423453
